0.30623490156138
0.07952304516017543
-0.15537986996158668
-0.3514767326497271
-0.49200911938237124
-0.5893840207946961
-0.6607632779980799
-0.7177452806180142
-0.7665872068227045
-0.8102638507539064
-0.8500852888709945
-0.8866076238571022
-0.9203001480406354
-0.9515466541468784
-0.9811377587277231
-1.0098691334250818
-1.0387692921591416
-1.0683579303900745
-1.0981147745742081
-1.1265039772372734
-1.151244074848605
-1.171765268408568
-1.187149153050788
-1.1978433975128262
-1.2043883561115978
-1.2075311910594317
-1.2077661807962803
-1.205407243095247
-1.2007213853993484
-1.1939306457631915
-1.1853085290857246
-1.174863656439769
-1.1628360957386845
-1.1492845327564447
-1.1342886977957163
-1.1179376247686603
-1.100340039369657
-1.0816259836123476
-1.0619440155585216
-1.0414261785889387
-1.0201876613892253
-0.9983931126505864
-0.9761868927711227
-0.9536727478796533
-0.9310090739949036
-0.9082862473612408
-0.8856339365679855
-0.8631407658053144
-0.8409153244746728
-0.8190414539092422
-0.7975902421168973
-0.7765598396944768
-0.7560249283021833
-0.7360204013265578
-0.7165897926661826
-0.6976477133102477
-0.6793769876991091
-0.6617210460281419
-0.6445895264159809
-0.6281460189549009
-0.6122560887755095
-0.5970858051868738
-0.5824397131506225
-0.5685138975427239
-0.5551100377618543
-0.5423199925817286
-0.5300727337774537
-0.5183931112762233
-0.5072958748265117
-0.49680678387609667
-0.4868867708229077
-0.4775865953742214
-0.4688521205839491
-0.4607382980066008
-0.4531823646013474
-0.44628522127207604
-0.4400329916730187
-0.4344592996651939
-0.42960995279876607
-0.42551066074302196
-0.4222666397370014
-0.41983496326867326
-0.4183162246013711
-0.4178361136217286
-0.41855552627499537
-0.4206290613273151
-0.42425018480590704
-0.4296539217192021
-0.4371268329054189
-0.44700610393320284
-0.4596976918244069
-0.475664680944792
-0.49536330852557786
-0.5192364612900375
-0.5477064680459133
-0.5809760552302685
-0.6188769802620718
-0.660774092061172
-0.7053442221896657
-0.7506202449550997
