-0.08405897629089931
-0.2637527468187224
-0.3915963671760951
-0.4702301633659115
-0.5157950344775851
-0.5418669737588936
-0.5566959177478273
-0.5651051513396536
-0.5696426183495832
-0.5717640697746298
-0.5723183058590517
-0.571726182200554
-0.5702379874294776
-0.5680487144413827
-0.565228095828522
-0.5617786289097688
-0.5577428016551321
-0.5531280704852026
-0.5480379145056227
-0.5425331991896379
-0.5366952366186506
-0.5306294578230166
-0.5244552118576136
-0.5183069370428053
-0.5122796736963843
-0.5064978228463445
-0.5010413875290802
-0.49603210249406804
-0.49141930739427075
-0.4873154152605957
-0.4836684608176802
-0.48052181655919884
-0.4778665397261253
-0.47560812545237907
-0.47378987068658296
-0.4723320443530492
-0.47116341555066876
-0.47022848790018
-0.46951395763420467
-0.46897166626145753
-0.46855940750479624
-0.4682066081690798
-0.467906437743814
-0.4676556060647685
-0.4674322002843976
-0.4672053623120925
-0.4669777517897116
-0.46674664966017043
-0.46653196882928316
-0.46633534613296607
-0.4661239947909799
-0.4659057164872408
-0.46568819109859894
-0.46547104726787775
-0.4652601633946531
-0.46504139902938313
-0.4648584410772052
-0.4646657721624649
-0.46450256525541495
-0.4643274692254695
-0.4642059955131212
-0.46406839015754653
-0.463933313692992
-0.4638202619881207
-0.46371725129215763
-0.46362927556894384
-0.46356443137052833
-0.46349532858418485
-0.46341665436047946
-0.46335771904747264
-0.4632873884448126
-0.4632633629460544
-0.4632289202616718
-0.463200807916479
-0.4632025227130501
-0.4632045792876516
-0.463201468119657
-0.4632123744671581
-0.4632198524606327
-0.46320084177886245
-0.463178623772434
-0.4631616846763882
-0.46321837611623506
-0.4632446759815524
-0.4632574079821665
-0.4632900081041928
-0.4633182544461047
-0.4633457745775088
-0.4633720759129261
-0.46339659177515274
-0.4634310221392026
-0.46341463553261086
-0.46339792789200773
-0.46338039140755666
-0.4633621182897308
-0.46335349532904413
-0.46334393190812817
-0.4633430713855372
-0.46334621291904043
-0.46335894038247866
