-0.04674259022122683
-0.33631765007538894
-0.6087742784821255
-0.8285371185603968
-0.9870389166431985
-1.0919978861529127
-1.1566111803103742
-1.1935713874057383
-1.2129681579330103
-1.2217123040705518
-1.224001512549583
-1.2221985672552511
-1.2176147087239257
-1.2110163328700143
-1.2027801151966595
-1.1932266448794553
-1.1826670069733507
-1.1713424414584996
-1.1596127527348026
-1.1477456704761024
-1.1356872546460368
-1.1237081119583432
-1.1119433020659095
-1.1006445810902783
-1.089865490861306
-1.079681041739679
-1.0701255176353657
-1.0612539772570968
-1.0530820167705912
-1.0456512507432643
-1.0388968895760906
-1.0326220253313425
-1.0269591929721122
-1.021870285524837
-1.0173155126022095
-1.013351813837974
-1.0097913539126262
-1.0066459912817696
-1.0038405726842314
-1.001387469807133
-0.9992434968101882
-0.9973423636368317
-0.9956792410169034
-0.9942312132829627
-0.992960740661377
-0.9918817482803106
-0.9909443407296549
-0.9901319866496595
-0.9894259497553854
-0.988814242730689
-0.9882837173664474
-0.9878255515098792
-0.9874138760246951
-0.987051628648002
-0.9867279710974175
-0.9864675644906207
-0.9862345187053582
-0.9860583960181271
-0.9859064523593297
-0.9857728254773107
-0.9856613571960176
-0.9855225609334856
-0.9854045247006876
-0.9853086602698817
-0.9852319268496459
-0.9851715210770643
-0.9850918591463601
-0.9850041737136338
-0.9849381083803732
-0.9848901622261882
-0.984855292670525
-0.9848305688335098
-0.9848130360084307
-0.9848005623028206
-0.9847909890450278
-0.9847839183504671
-0.9847785601855646
-0.9847741690932175
-0.9848128958103983
-0.9848502055520226
-0.9848791622581226
-0.9849064922204517
-0.9849257643372885
-0.9849452176486818
-0.9849571281603681
-0.9849692257431732
-0.9849887236147387
-0.9850015181507283
-0.9850142833799892
-0.9850271879269366
-0.9850379354484344
-0.9850418802653627
-0.985045952972819
-0.9850500671706082
-0.9850526017250466
-0.9850539985706411
-0.9850541191138297
-0.9850530267980913
-0.9850509945149728
-0.9850490054371178
