-1.2725424849552869
-1.2703473023636573
-1.2651585980984332
-1.2583759028359705
-1.2508784113287261
-1.2432002927666383
-1.235582833147087
-1.2282880956541642
-1.2213798144028885
-1.214890965343725
-1.2088338159894696
-1.2032206634766172
-1.1980416402545946
-1.193290848148982
-1.188948657955423
-1.184989515641884
-1.1814004542128596
-1.1780779020374785
-1.175123320405495
-1.1724185657548645
-1.1700187889404445
-1.1678322942911326
-1.165900625173976
-1.1641502057523507
-1.1625758675377436
-1.1611972084342617
-1.1599494836254074
-1.1588291596329434
-1.1578419528140664
-1.1570182235621533
-1.156215610898836
-1.1554917518107382
-1.1548462162149415
-1.1542717455428595
-1.153762089348264
-1.1533093902969542
-1.1529455783424811
-1.1525876581198946
-1.1522668891991699
-1.1519823392369315
-1.1517310223212862
-1.1515034669467907
-1.1513000159794633
-1.1511204011828216
-1.1509598851429539
-1.150816744287337
-1.150692019759458
-1.150546933141977
-1.1504140129919525
-1.1503356481598703
-1.1502447883248754
-1.1501632195611444
-1.150096693094426
-1.1500350201636103
-1.1499882885745512
-1.1499411462227747
-1.1498881279479174
-1.149838143510759
-1.1497771645233994
-1.1497216597870898
-1.1496715923970564
-1.1496263293832132
-1.1495858721812071
-1.149549779807945
-1.149514360380306
-1.1494844371267456
-1.149454955326038
-1.149426104736908
-1.1493990454966456
-1.1493741642203417
-1.1493493473053147
-1.1493304651798621
-1.149310509199442
-1.1492972476315624
-1.1492838685141307
-1.1492585475652197
-1.1492316343670794
-1.1492175253951917
-1.1492017031844481
-1.1491858893443248
-1.1491709655342912
-1.1491570455841345
-1.1491417863543474
-1.1491282357823644
-1.149117710471022
-1.1491079383299783
-1.149098986784666
-1.1490905132684792
-1.1490824011108747
-1.1490743635655118
-1.1490663746804266
-1.1490582077978357
-1.1490498583520037
-1.149041282816689
-1.1490325732966766
-1.14902339207158
-1.1490133876694637
-1.1490035660512032
-1.1489924596083791
-1.1489816413900733
