-0.04674259022122683
-0.0716608189628571
-0.09689374035310327
-0.122506544929579
-0.1484739273231684
-0.17469097649980242
-0.20120254359220904
-0.22801094624943058
-0.2549390547481448
-0.28207587977342585
-0.30926777411230433
-0.33663752326741014
-0.3639134543273598
-0.3912526931232079
-0.41836077630205915
-0.44549524353756725
-0.4722525829842248
-0.4989792817690351
-0.5256463413031734
-0.5515914708604921
-0.5774262209066976
-0.6024974702468907
-0.6274118552191412
-0.6521452045524443
-0.6758444629270489
-0.6993016720975722
-0.7223047322777343
-0.7443591239325099
-0.7659683499656822
-0.786657989494838
-0.806866465230889
-0.8261614310945713
-0.8445019469258894
-0.8625355592325162
-0.8797206571762469
-0.8964311859778221
-0.9122900878774767
-0.9273943876183219
-0.9420589311592371
-0.9559463786575856
-0.9693830386436185
-0.9820519496157697
-0.9940394388695347
-1.0056580860276292
-1.0166120306467739
-1.0271732526187807
-1.0370927872833093
-1.0466395241281161
-1.0555784051767496
-1.0641758698937227
-1.0722099433940513
-1.0799221955477951
-1.0871323791457017
-1.094071894170353
-1.1005664832654578
-1.1068549944330357
-1.112767896674632
-1.1184152792004347
-1.1236961532790335
-1.1288168892087773
-1.1335610926743154
-1.138162642808785
-1.1424377253548719
-1.1465883453902344
-1.15043603588712
-1.1541701530563826
-1.1577309514143497
-1.1610107404647554
-1.1641953038921857
-1.1672423651919015
-1.1700515519965793
-1.1727747319342299
-1.1753740300941722
-1.177854954528268
-1.1802199379788603
-1.1823946610706046
-1.184502418770196
-1.1864334352133852
-1.188305865009459
-1.190118121115927
-1.1918726314796506
-1.1934924022818594
-1.1950725303222323
-1.1966108471710473
-1.1981045152723024
-1.1994570862311993
-1.2007816359021013
-1.2020718978795977
-1.2032986719338894
-1.2044838445424728
-1.2055550634282979
-1.2065951724026007
-1.2075988276999006
-1.2085663516277854
-1.2094948666529532
-1.2103260304066175
-1.2111256528928005
-1.2118908749235437
-1.2126210257578784
-1.2133141460370338
-1.2139290901717115
-1.21451203312322
-1.215061032193916
-1.215575087716245
-1.2160499927260957
-1.2164602301497067
-1.21682720018743
-1.2173677060073447
-1.217857470174202
-1.2183173448108544
-1.2187476090911729
-1.2191205412880606
-1.219462789025027
-1.219755450023866
-1.220067382136366
-1.22034281292874
-1.2205783246144069
-1.2207789433600962
-1.22093170500324
-1.2211533897028886
-1.2213285559098566
-1.2214614889559183
-1.2216550284800118
-1.2218007956856145
-1.221900825873369
-1.2220502854006647
-1.222277976643639
-1.222449335915428
-1.222630433172637
-1.2227458916555058
-1.223019437988953
-1.2232897182825568
-1.2236170137574411
-1.2238694512052866
-1.2241861451342115
-1.2244644707955574
-1.2247946103500527
-1.2250427459089748
-1.2262275938389524
-1.2273351618848007
-1.2283581166378619
-1.229289996080723
-1.2301245894114086
-1.2308575351911926
-1.2314779107362397
-1.2319779926817405
-1.2323506980356522
-1.2325905584267378
-1.23270843286898
-1.2327911422456628
-1.2327267080252924
-1.232590964571317
-1.2324653139516721
-1.2322236087317737
-1.2318533425145055
-1.2313566390598591
-1.2307303389805004
-1.2299860134049085
-1.229381081597917
-1.2286864887893634
-1.2278990911123346
-1.2270219920367313
-1.2260488705833255
-1.225054781038985
-1.223982111345952
-1.222880653657537
-1.2220336096540012
-1.221136517943386
-1.2201948129416054
-1.2192072332394404
-1.2181829363835446
-1.2171005187520174
-1.2159714081326014
-1.2147990665363255
-1.213571886287737
-1.2125407548410416
-1.211475795728504
-1.2103793528124036
-1.2092498279563026
-1.2080880774639133
-1.2068955081432386
-1.2061783317950305
-1.2054411697720988
-1.2046847721789962
-1.203908957017421
-1.203116657228426
-1.2023058538213394
-1.2014786264706203
-1.2006352301807564
-1.1997751006654922
-1.1988999560401306
-1.1980102084411102
-1.197104086085081
-1.196183435308501
-1.1952492865385578
-1.1943000223672018
-1.1933370211484242
-1.1924411018173153
-1.1915333750942096
-1.1906141115662594
-1.1896827119818174
-1.1887406600606694
-1.1877885737345788
-1.1873557568543294
-1.186915789236057
-1.186469445353352
-1.1860161171387542
-1.1855555743238113
-1.1850891059895945
-1.1846157779904423
-1.1841381623415197
-1.1836538042121916
-1.183162481190432
-1.1826641222969059
-1.182158514494718
-1.1816464523965213
-1.18112728752722
-1.180601677922449
-1.1800696987191215
-1.1795300172811753
-1.1789843481593163
-1.1784322019623972
-1.1780092368184243
-1.1775819637758715
-1.177150633131889
-1.176715853427848
-1.1762704636749812
-1.1758209103509296
-1.175367268409587
-1.1749104723580341
-1.1751430946077768
-1.1753743321426675
-1.1756038322819926
-1.1758308999648992
-1.1760546904886475
-1.1762756222214572
-1.1764943470067528
-1.1767091361286572
-1.1769196689505654
-1.1771263577226823
-1.177327716316583
-1.1775245994448846
-1.177714949782418
-1.1778801124493243
-1.178038393500097
-1.1781906305678047
-1.1783364784818793
-1.1784723782215825
-1.1786054415511835
-1.1787359740904546
-1.1788628920617674
-1.178985210153113
-1.1790941017514083
-1.179193602664182
-1.1792842589721866
-1.1793646684572991
-1.179435554283733
-1.179495234271296
-1.1795338866341307
-1.1795610789175497
-1.1795770751541568
-1.1795819610372758
-1.1795743901741607
-1.179556157806706
-1.179524600774992
-1.1794807358892532
-1.1794239440008094
-1.1793546177218723
-1.179272520533778
-1.1791767782210807
-1.179091463981758
-1.1789937174944063
-1.1788830644186148
-1.1787595047429755
-1.1786233171529426
-1.178474042598522
-1.1783116064045513
-1.1781364329877546
-1.1779479092082141
-1.1777452590965358
-1.1775292578861647
-1.1772998166273063
-1.1770571501902118
-1.1768938578916999
-1.176717833522737
-1.176529617520304
-1.1763282031178217
-1.1761146365453212
-1.1758882069385432
-1.17564899991924
-1.175501824520713
-1.1753427803365415
-1.175171876414736
-1.174989131089986
-1.1747943933845086
-1.1745880053736633
-1.174370072583485
-1.174702222273689
-1.1750262421429862
-1.1753410725723277
-1.175648893464503
-1.1759475164613702
-1.1762381482620152
-1.1765229329363571
-1.1767967107686883
-1.1770578866191006
-1.177306440314045
-1.1775445715204644
-1.177771254429381
-1.1779831628228836
-1.178182740547125
-1.1783676209879868
-1.1785347667799688
-1.1786873214230909
-1.1788265793754906
-1.1789500539432365
-1.1790602223535407
-1.1791536653974828
-1.1792302244381827
-1.1792918824752565
-1.179334317605464
-1.179361898713223
-1.1793706257453904
-1.1793624253485537
-1.1793336869576023
-1.179291916755272
-1.179230835145901
-1.179068299628562
-1.1788760871634931
-1.1786711802876249
-1.1784535924025585
-1.178223560305175
-1.1779645342905374
-1.1776937229257798
-1.177411071223585
-1.1771167334674184
-1.1768106504398967
-1.1764931761812294
-1.1763380348931625
-1.1761795808573903
-1.1760171241488824
-1.1758633666730343
-1.1757062613985272
-1.175545953055965
-1.1753820992578672
-1.1752148154738533
-1.1750436623212477
-1.1748690576446634
-1.1746907061467171
-1.1745086616173956
-1.1743232181720562
-1.174133787546618
-1.1739411194533647
-1.1737451033351605
-1.17354584810581
-1.1733433965112523
-1.1731378361088982
-1.1729292742997433
-1.1727172775696668
-1.172502818253081
-1.1722851625034956
-1.1720643615462203
-1.171841029204663
-1.1716151088108757
-1.1713862369950672
-1.1711541793731268
-1.1709191888153192
-1.1706816520956587
-1.1704409096631687
-1.1701818309656613
-1.169920661973784
-1.1696584193864747
-1.1693942479232178
-1.1691287337526115
-1.1688619414167625
-1.1685942000263103
-1.1683257514130323
-1.1680563797865142
-1.167875325439351
-1.1676909717308157
-1.1675036440406785
-1.1673136236076043
-1.1671206618475298
-1.1669243989363738
-1.1667254538456373
-1.1665237155515704
-1.166319039075485
-1.1661113340025846
-1.1659009656704715
-1.1656872952146502
-1.1654712498339228
-1.1652523944901494
-1.1650308039639332
-1.1648068776955964
-1.1645801570364807
-1.164730286586766
-1.1648714364420774
-1.1650049368295978
-1.165109113978496
-1.1652106101166986
-1.1653096272166683
-1.165406513983215
-1.1655022727296889
-1.1655973209930268
-1.1656913310136112
-1.1657836379970532
-1.165874655448953
-1.1659514596714367
-1.166021023795157
-1.1660837369071204
-1.166137443759723
-1.1661827379401932
-1.1662016503558559
-1.166210837786145
-1.1662095151791636
-1.1661991027406022
-1.1661789463116825
-1.1661483014045633
-1.1661079041429423
-1.166058229586426
-1.16599859928911
-1.165928663190266
-1.1658495489137521
-1.1657605816610674
-1.1656620723969413
-1.1655533021629132
-1.1654338382277307
-1.165304663163003
-1.1651660692419965
-1.165017442468084
-1.164858929309164
-1.1646904818050348
-1.164511775090955
-1.1643384026598753
-1.1641556382773808
-1.1639620274580311
-1.1637581495032252
-1.16354424476984
-1.1633198973859822
-1.1630862084667524
-1.1628430028692196
-1.1625847030548215
-1.1623178669278045
-1.16204265106599
-1.1617586248753369
-1.1614664699543995
-1.1613173101348773
-1.1611639683294825
-1.1610068078400353
-1.1608459212560513
-1.160681134533839
-1.1605127533675579
-1.1603406571861756
-1.1601650623442576
-1.1599862927008338
-1.1598037975620048
-1.1596177451240701
-1.1594283374789731
-1.1592355642306111
-1.1590397789601743
-1.1588405758086968
-1.158638106775639
-1.1584327068732787
-1.1582241880291444
-1.1580128154279667
-1.1577982683748813
-1.1575810854161823
-1.157361066094614
-1.1571382422873417
-1.1570767312989199
-1.1570156726065288
-1.15695484988246
-1.156894487028367
-1.156834533941935
-1.1567749263270442
-1.156715808675863
-1.1566570161673748
-1.1565984630705504
-1.1565403181579772
-1.156482360147079
-1.1564248120178358
-1.1563675250888288
-1.1563107298620108
-1.1562544310879341
-1.1561981334734184
-1.1561422415128588
-1.1560866020335334
-1.156030889655186
-1.1559754009198668
-1.155920296506962
-1.156136612835855
-1.1563361883205694
-1.1565363600891023
-1.156737386877759
-1.156938206735836
-1.157139711865326
-1.1573398410982392
-1.1575408965647223
-1.1577453715213444
-1.1579529099804222
-1.158165230493374
-1.158380843423388
-1.1585889197064512
-1.1587970926915523
-1.159005632002421
-1.1592139964073929
-1.1594219783334225
-1.1596291712486095
-1.1598141441453638
-1.1599986709145595
-1.1601828221100838
-1.1603662220354998
-1.1605490878763902
-1.1607318728745666
-1.1609133650271881
-1.1610945731595192
-1.1612749919620844
-1.1614549010549178
-1.161633838458614
-1.1618119170805776
-1.16198953982807
-1.1621657044660023
-1.1623407988531638
-1.1625150344990063
-1.1626887462623134
-1.1628617154861318
-1.1630329798072552
-1.1632033282900842
-1.163372602036817
-1.1634802240074167
-1.1635848030512543
-1.1636861683467983
-1.1637839361096327
-1.1638783512168276
-1.1639692580026917
-1.164057142523792
-1.1641415880740644
-1.1642228068387128
-1.1643005211651256
-1.1643746266800474
-1.1644449695123542
-1.1645123806114324
-1.1645757064990725
-1.1646361278764061
-1.1646925974373399
-1.1647646407400527
-1.1648327530143139
-1.164896737999084
-1.1649567023304475
-1.1650128198728933
-1.1650648632550593
-1.1651126767956865
-1.165156472353201
-1.1651959698203167
-1.165231237209975
-1.165262614111086
-1.1652898194729049
-1.1653124539704047
-1.1653308146327384
-1.1653446714977378
-1.1653548456579133
-1.165360710975501
-1.1653622929373748
-1.1653594521094695
-1.1653524951311278
-1.165341141961632
-1.1653257753187958
-1.1653057641409075
-1.1652812097060583
-1.1652525355749739
-1.16521946428076
-1.1651821918515544
-1.1651405389300047
-1.1650942384618275
-1.1650437667939322
-1.1649886750742393
-1.1649288395291446
-1.1648646531694191
-1.164795865063359
-1.1647221614927405
-1.1646438430376596
-1.1645611523750916
-1.1644736140996108
-1.164381357946918
-1.1642843835489627
-1.164182640406035
-1.1640761892908513
-1.16396498019146
-1.1638490486346478
-1.1637282068348402
-1.1636034548320209
-1.1634752510966853
-1.163343319290493
-1.163207788794224
-1.1630686807317527
-1.1629261978696173
-1.1627799757374127
-1.1626301882679126
-1.1624768859669643
-1.1623202960742811
-1.1621600396943212
-1.1619968955175126
-1.1618303425930538
-1.1616605076162934
-1.1614878613981499
-1.1613121586711217
-1.1611333282366356
-1.1609512694314408
-1.1607667308894256
-1.1605794485258063
-1.1603894836129423
-1.1601968023775295
-1.1600014320462
-1.1598037330958906
-1.1596034739026198
-1.159400960907751
-1.1591180385695277
-1.1588340652117268
-1.1585490749148253
-1.1582633808056801
-1.15797735151702
-1.1576910929830742
-1.1574052687707412
-1.1571190150973765
-1.156832885475709
-1.1565469248929352
-1.1562614459132112
-1.1559762474450854
-1.1557229266661126
-1.155469935253242
-1.1552183924127537
-1.1549793291096675
-1.1547410838984529
-1.154504621522462
-1.1542690945994314
-1.1540350828405732
-1.153802874328388
-1.1535729681996234
-1.1533446227552404
-1.1533112171782147
-1.1532745201154928
-1.1532340186675731
-1.1531907069538403
-1.1531445089491403
-1.1530947661130528
-1.1530419114628228
-1.1529854917911255
-1.1529258965826028
-1.1528628916892059
-1.1527967368133412
-1.1527272924010006
-1.152654724370549
-1.1525788319020307
-1.1524995534769684
-1.1524116251405838
-1.152319711836
-1.1522238339588204
-1.1521248343540307
-1.1520219924245914
-1.1519153423208444
-1.151805093480621
-1.1516912134705597
-1.1515734266530626
-1.1514519876628306
-1.151327125553631
-1.1511981363149715
-1.1510655616398693
-1.1509292378869262
-1.1507893863665024
-1.1506459843074963
-1.1504987313050539
-1.1503475000586323
-1.1501927246315609
-1.1500342468963225
-1.149872151508276
-1.149992528204674
-1.1501083631396385
-1.1502197575889568
-1.1503265941377971
-1.1504285305085493
-1.1505261315942927
-1.1506189845517274
-1.1507071717775703
-1.1507908698410005
-1.1508699086506986
-1.1509445005165522
-1.1510145450973923
-1.151081875874552
-1.1511444633712675
-1.1512024088211468
-1.151255713641356
-1.1513044410801359
-1.1513463806556317
-1.151386120015207
-1.1514212392771572
-1.1514519191949426
-1.1514780499836832
-1.1514996852256485
-1.1515168971365635
-1.1515296166032993
-1.151537969531662
-1.1515419784323127
-1.1515415167508363
-1.1515368384394282
-1.151527745142936
-1.1515145458592135
-1.1514971976768158
-1.1514758768758362
-1.15145043296179
-1.1514208910231079
-1.15138753417953
-1.1513501327132292
-1.1513086970104074
-1.151263340911529
-1.151214202742254
-1.1511610452655037
-1.1511042634432593
-1.1510436806909594
-1.150979466895835
-1.1509116047187342
-1.1508403338102942
-1.1507654701237822
-1.1506871191686197
-1.1506053825731741
-1.1505202210277115
-1.1504320193922795
-1.150340405744865
-1.1502456118405258
-1.15014391827649
-1.150039585009252
-1.1499325846267436
-1.1498231947651536
-1.1497110318661055
-1.1495965657678753
-1.1494796160579992
-1.149360404598191
-1.1492389694449159
-1.1491152034328422
-1.1489896519432854
-1.1488619303702572
-1.1487325568033382
-1.14860124057344
-1.1484680392519395
-1.148333129063331
-1.148196768742093
-1.1482800115081215
-1.1483296339092584
-1.148413137009703
-1.1486177790521162
-1.1488178371327993
-1.1490150960850107
-1.1492071755114446
-1.149396500564276
-1.149582751688562
-1.1497644559314426
-1.1499423914200078
-1.1501170799486375
-1.1502882828714516
-1.150452903382102
-1.1506138265931187
-1.1507680891975645
-1.1509879248269164
-1.151203642438614
-1.1514140809908096
-1.1516165149405353
-1.1518138213218927
-1.152005671771001
-1.1521883086134372
-1.1523399293884464
-1.1524871761628794
-1.1526307885696878
-1.1527564645022856
-1.1528955980822546
-1.1530352524983565
-1.1531763194423614
-1.1533296458311404
-1.1534834984284914
-1.15363497246929
-1.1537794717844911
-1.1538892813100503
-1.15399038367563
-1.1540861009750485
-1.1541764819100035
-1.1542616709225062
-1.1543408904871775
-1.1544146627826073
-1.1544829275607713
-1.1545450713033723
-1.154603720167457
-1.154655165265569
-1.1547002643438256
-1.154740599511177
-1.1547762607887497
-1.1548068159231093
-1.154903519565602
-1.1549962426850073
-1.155086391089064
-1.1551920521170513
-1.155263303091699
-1.1553312259462185
-1.1553966810669887
-1.1554613109956688
-1.15551824780013
-1.1555776133816937
-1.1556291371617229
-1.155684528880521
-1.1557365797365426
-1.1557881122213751
-1.155836521989906
-1.1558856323619215
-1.1559485486129677
-1.1560069819799972
-1.1560642881641279
-1.156115124131014
-1.15616460543728
-1.1562138750847162
-1.156261825077011
-1.1562783712128915
-1.1562942652002624
-1.156307184126507
-1.1563175869596944
-1.1564707647403496
-1.1566235432544663
-1.1567751887760949
-1.156927155888335
-1.1570778806414164
-1.15722804591629
-1.15737588512623
-1.1575237105420597
-1.1576711015279344
-1.1578158971775816
-1.1579614050154436
-1.1581071397535272
-1.1582508775152773
-1.1583924977655404
-1.158534251529154
-1.1586760702192467
-1.1588160986195961
-1.1589560661535967
-1.1590936558676324
-1.1592313296869183
-1.1593679287215441
-1.1595025824207617
-1.159636694130627
-1.1597695606148843
-1.1599006603943354
-1.1600312055658555
-1.160160168736623
-1.160287945919869
-1.1603957922307089
-1.1605021498188461
-1.160607220239813
-1.160711497597727
-1.160814531759573
-1.1609171231865438
-1.1610204678980767
-1.1611246330625469
-1.1612285732806067
-1.161332750777762
-1.1614365366214914
-1.1615409622686144
-1.1616446359011365
-1.1617480453845939
-1.1618519290643743
-1.1619407031197593
-1.162028965503046
-1.1621158680984627
-1.162202877028265
-1.1622890294266741
-1.1623754573901317
-1.1624600591200864
-1.1625443215984155
-1.1626278971746897
-1.16270887547785
-1.1627898549021687
-1.1628694996827746
-1.1629463843905075
-1.1630228276103836
-1.1630983681815483
-1.1631714957066361
-1.1632433256183523
-1.1633122854308169
-1.163379721483706
-1.1634463139143398
-1.1635221463007521
-1.1635941085259582
-1.1636633525295417
-1.1637273471808518
-1.163788387439055
-1.1638476059210427
-1.16390325235372
-1.1639587344168696
-1.1641191116361589
-1.1642809154136602
-1.164443604025559
-1.1645982009400684
-1.1647634728205292
-1.1649299720405077
-1.1650983294490855
-1.1652671174214566
-1.165437059747183
-1.165601492163246
-1.165767456975332
-1.1659345947623463
-1.1661027743157617
-1.1662718480355996
-1.16644299587485
-1.1666147350017448
-1.1667873791801469
-1.1669606135102442
-1.1671348034023192
-1.1673089784332158
-1.1674835338359937
-1.167658633482481
-1.1678341937515622
-1.168009549168079
-1.1681658979080842
-1.1683205070188105
-1.1684752670234178
-1.1686306789212273
-1.16878596160116
-1.1689427187293187
-1.1691001957955511
-1.169257331759147
-1.1694132602076002
-1.1695689649059549
-1.1697249063648492
-1.1698804600142165
-1.170035057048256
-1.1701889772629377
-1.1703410962713383
-1.1704933632356895
-1.1706447859907991
-1.1707951611553562
-1.1709572194419586
-1.1711175182729763
-1.1712755838168578
-1.1714337246623534
-1.171589453303876
-1.1717432560038286
-1.171858651079526
-1.1719737534778132
-1.1720864677941965
-1.1721984855809522
-1.1723105955259847
-1.1724211167649945
-1.1725317971613876
-1.1726420341789325
-1.1727517066828859
-1.1728601054771137
-1.1729685010077382
-1.1730763949093685
-1.1731850557789223
-1.173292408982558
-1.1733991119114369
-1.1735051599559545
-1.1736366989819693
-1.1737674214900882
-1.1738988506517105
-1.1740304891174642
-1.1741565593935408
-1.1742833323141462
-1.1744121181899483
-1.174541787368106
-1.1746722302121435
-1.1748032504016792
-1.1749357532220002
-1.1750684952263064
-1.1752019828556168
-1.1753358873208106
-1.175481803366232
-1.1756272962004366
-1.175772033275404
-1.1759163635647538
-1.1760604108126553
-1.1762038360534082
-1.176346130128992
-1.1764876846054597
-1.1766287629702992
-1.1767685526438967
-1.1769077503774132
-1.1770452368874706
-1.1771819276742073
-1.1773175416870552
-1.1774522244868098
-1.1775858763576992
-1.1777181323900408
-1.177849458482559
-1.1779796242777065
-1.1781086148870175
-1.178236721518582
-1.1783635851773102
-1.1784894899959197
-1.178574993524667
-1.1786600767710504
-1.1787437118344952
-1.1788262633931021
-1.1789087453623506
-1.1789901260949227
-1.1790715318721094
