-0.19159338266301695
-0.4044225655743181
-0.5530498471434088
-0.6372243672118416
-0.6794540280560374
-0.7008656600450831
-0.714125927349933
-0.7249886998509901
-0.7355874056763245
-0.7465097743279033
-0.7578593196262555
-0.7693120002190524
-0.7806024832402007
-0.7915034496715292
-0.8017550259386621
-0.8111470569349883
-0.81951915609364
-0.8267515758437701
-0.8328325651207111
-0.8374709531266695
-0.8408648640020548
-0.8425973017208823
-0.842928238871323
-0.8416459260574501
-0.8386300830150648
-0.8338172628671001
-0.8271087537500366
-0.818631172827066
-0.8085514643511805
-0.797087102262247
-0.7844577005628068
-0.7709387387627256
-0.7568157619738881
-0.7423811079608192
-0.7277694159480232
-0.7131048062552824
-0.6984869679155149
-0.684099935844881
-0.6699341255866536
-0.6560258882328717
-0.6424422667785094
-0.6292274000295174
-0.6163579399991357
-0.6038283607683562
-0.5916904343081789
-0.5799362384151372
-0.5684691507474435
-0.5573496110785199
-0.5465237299208724
-0.5360029681030524
-0.5258283971468388
-0.5159117166362064
-0.5062687947256025
-0.4969323368564933
-0.48779213878088723
-0.47892315921444556
-0.47033089446773924
-0.4619107317276195
-0.4537936003931583
-0.44580462408497407
-0.43810290265707497
-0.4305439938562112
-0.42317151599446995
-0.4160255363154144
-0.4090171984587842
-0.402193014680873
-0.39556356623209354
-0.3890745101201414
-0.3827686999639605
-0.3765947191723198
-0.3706100924265017
-0.36474935553708515
-0.3590542119044273
-0.3534855758796086
-0.3480786873503436
-0.3428160365939332
-0.3376916723193195
-0.33268917205862714
-0.327824425449091
-0.3230742909795511
-0.31844473684315855
-0.31393247653691503
-0.3095372581912803
-0.30524556356706156
-0.3010748589732283
-0.2970156680825975
-0.29305838122658656
-0.2892095930833131
-0.2854449422699362
-0.2817811852909599
-0.2782009184858228
-0.2747386121392439
-0.2713584292453722
-0.26809841748800417
-0.26491671531856364
-0.2618522947148492
-0.2588602140310078
-0.2559839734661573
-0.2532011790423789
-0.2504886182047693
