-1.1739630819819855
-1.2298971082952093
-1.2520716638385012
-1.259247753230971
-1.2590732226722763
-1.2550572896338266
-1.2484531797580751
-1.2401411965548925
-1.2306908930695686
-1.2205454365428188
-1.2100532114837665
-1.1993448535556674
-1.1887665148836661
-1.178496358169562
-1.1686809821875914
-1.1593283642382237
-1.1506428301983112
-1.142516655641717
-1.1350895973978008
-1.12829112941498
-1.122120364191493
-1.116559608022634
-1.1115615429399544
-1.107112339263533
-1.1031571079630715
-1.0995742676530038
-1.0964921578487852
-1.0936053960640577
-1.0911998763579023
-1.0890438557200028
-1.0870816681846915
-1.0854354741984462
-1.083996331407958
-1.082680192425584
-1.081517565485524
-1.080571170928736
-1.0797460205419114
-1.0790474456409176
-1.0783568515235569
-1.077756991819726
-1.0772383185242562
-1.0767912198628553
-1.0764925138999926
-1.0762125197199368
-1.0759648149647054
-1.0757434845340685
-1.0755484896650473
-1.0753434625050782
-1.0751622720690046
-1.0750069689962092
-1.0748750816352297
-1.074751563529335
-1.0746482264264128
-1.074562750906725
-1.074492105411309
-1.0744338125020596
-1.0743861947144335
-1.0743472498065472
-1.0743157493028825
-1.0742898449443603
-1.0742688252548207
-1.0742526267311137
-1.0742402541105431
-1.0742314350812006
-1.0742247991856264
-1.0742194617128666
-1.074215400411242
-1.0742120571205669
-1.0742102528721897
-1.0742094279538916
-1.0742099432677579
-1.0742104970134494
-1.0742120316045913
-1.0742134488913422
-1.0742151291361821
-1.0742171685069926
-1.0742194897998436
-1.0742215798541785
-1.0742164240464431
-1.0742123305228628
-1.0742264832468347
-1.0742399927416924
-1.0742555463377967
-1.074274498259049
-1.0742902925815105
-1.0742950697736913
-1.0742990577216178
-1.0743017908748331
-1.0742922685734406
-1.0742836955185957
-1.0742762933986634
-1.0742704361328284
-1.0742662820212934
-1.0742642539186666
-1.0742637842714753
-1.0742651109406358
-1.0742678124993676
-1.0742702102613522
-1.0742738298154846
-1.0742776007407837
