0.27604150381993486
0.04287285289314968
-0.21405115596951174
-0.45836924760488273
-0.6572494116510326
-0.7972232615950618
-0.8849959498830193
-0.9362113008037545
-0.9649947135774147
-0.9809200129813983
-0.9895100452848322
-0.9940208624457452
-0.9961846293851586
-0.9969121261798755
-0.9967535963776177
-0.9959717735706601
-0.9947660060320151
-0.9932327356576185
-0.9914392966700739
-0.989400279647945
-0.9872039888877007
-0.9848138938554476
-0.9822616712900547
-0.979577972370762
-0.9767803875909171
-0.9738651787670727
-0.9708399043347609
-0.9677144884542652
-0.9644968048215645
-0.961198651066703
-0.9578267997359651
-0.9543917535767448
-0.950899033169599
-0.9473562076443429
-0.9437715262126513
-0.9401512972897434
-0.936504027087219
-0.9328380197937433
-0.9291598389226592
-0.9254826956805121
-0.9218128928167887
-0.918129696835575
-0.9144740920420602
-0.9108395339315004
-0.9072424754553569
-0.9036866964755734
-0.9001715816032565
-0.896706868284856
-0.8932952312178021
-0.8899393350375892
-0.8866421286164925
-0.8834071309665843
-0.8802382128599409
-0.8771349142496343
-0.8741030716215632
-0.871140716127409
-0.8682521483151207
-0.8654366210333803
-0.8626962030370056
-0.8600297858942593
-0.8574390691065144
-0.8549244943779489
-0.8524838339188605
-0.8501189042768211
-0.8478524920299981
-0.8456551639940977
-0.8435288814474683
-0.8414735931242427
-0.8394886931276614
-0.8375731214219636
-0.835725851091349
-0.8339446214644652
-0.832228169943044
-0.8305775761083211
-0.828988231943629
-0.8274588733178296
-0.8259878286328457
-0.8246175151559948
-0.8232973426454873
-0.8220299765462195
-0.8208127447392602
-0.8196464036263763
-0.8185618008042559
-0.8175200151294297
-0.8165202416340394
-0.8155592877159313
-0.8146386784620763
-0.8137517582365834
-0.8129038414359521
-0.8120938340152223
-0.8113362726281688
-0.8105994745135304
-0.8099085881847381
-0.8092531520815782
-0.8086255462329044
-0.8080293349881758
-0.8074581247097239
-0.8069197630497181
-0.8064068475451787
-0.8059195639354803
